        Kneeland     California 
Daily Data run on 2/11/2023 10:58
                    Day   Day  Solar            Wind                    Air                    Relative                
                    of    of    Rad.    Speed   Dir.    Speed       Temperature                Humidity         Precip.
 Date        Year   Year  Run  Total     Ave.  Vector   Gust    Ave.    Max.    Min.     Ave.    Max.    Min.   Total  
                              kW-hr/m2    m/s    deg.     m/s        Deg. C                      percent          mm  
 01/01/2021  2021     1     1   1.457    3.67     189   13.41     7.9    13.3     5.0      70     100      39   11.43
 01/02/2021  2021     2     2   1.020    5.05     172   13.86     6.2     7.2     5.0      95     100      87    3.30
 01/03/2021  2021     3     3   1.093    7.79     164   20.12     7.8     8.9     6.7      93     100      79    2.29
 01/04/2021  2021     4     4   0.485    6.63     214   27.27     5.3     8.3     2.2      97     100      73   32.26
 01/05/2021  2021     5     5   2.084    6.39     152   16.54     7.6    11.1     2.2      39      99      18    0.00
 01/06/2021  2021     6     6   0.434    6.52     178   21.46     6.4     9.4     3.9      81     100      28   10.41
 01/07/2021  2021     7     7   1.428    4.92     151   18.33     8.0    11.7     3.9      42      94      13    3.56
 01/08/2021  2021     8     8   1.965    2.44     288   18.33     5.4     7.2     3.9      86     100      62   12.95
 01/09/2021  2021     9     9   2.539    2.55     177   11.18     9.1    13.3     5.0      41      82      21    0.00
 01/10/2021  2021    10    10   1.141    1.84     169   10.28     7.1     7.8     5.0      94     100      68   11.68
 01/11/2021  2021    11    11   2.218    4.73     160   16.54     8.6    12.8     5.6      62      90      38    0.51
 01/12/2021  2021    12    12   0.183    8.55     172   20.56     9.6    11.1     7.2      97     100      93   19.05
 01/13/2021  2021    13    13   2.294    2.25     172   14.31    10.8    12.8     8.3      93     100      45   18.80
 01/14/2021  2021    14    14   2.727    1.75     117    4.92    14.3    20.0    10.0      45      76       5    0.00
 01/15/2021  2021    15    15   1.318    1.81      31    5.81    12.1    16.7     8.3      72     100      23    0.00
 01/16/2021  2021    16    16   2.610    1.99      24    7.60    12.8    17.2    10.0      58      82      33    0.00
 01/17/2021  2021    17    17   2.812    2.16      18    6.71    14.1    17.8    11.7      42      62      28    0.00
 01/18/2021  2021    18    18   2.952    2.68      31   15.65    13.2    16.1     8.3      23      38       9    0.00
 01/19/2021  2021    19    19   2.901    2.76      47    8.94     9.2    11.7     6.1      21      29      13    0.00
 01/20/2021  2021    20    20   3.057    1.68     197    6.26    11.3    15.0     9.4      21      41      12    0.00
 01/21/2021  2021    21    21   1.852    2.46     201    7.60     8.2    11.1     0.0      38      98      16    0.25
 01/22/2021  2021    22    22   1.128    2.89      29   10.28     2.5     3.9     1.1      94     100      83    1.52
 01/23/2021  2021    23    23   3.238    1.56       7    4.92     2.8     6.7     0.6      91     100      68    0.25
 01/24/2021  2021    24    24   0.592    2.89     342   16.09     0.4     1.7    -1.7     100     100     100    7.37
 01/25/2021  2021    25    25   1.954    2.12       2    8.94    -1.0     1.1    -2.2      99     100      97    3.56
 01/26/2021  2021    26    26   0.679    9.00     152   32.19    -1.0     0.0    -2.8      97     100      83    0.00
 01/27/2021  2021    27    27   1.342    9.63     161   20.56     1.6     3.3     0.0      97     100      91   30.73
 01/28/2021  2021    28    28   1.040    4.00     165   13.41     2.0     2.8     1.1      96     100      81   10.41
 01/29/2021  2021    29    29   2.288    3.67     174   17.88     3.1     6.1     1.1      81      92      68    0.25
 01/30/2021  2021    30    30   1.852    9.93     156   22.80     5.3     7.2     2.2      82      93      72    1.52
 01/31/2021  2021    31    31   1.011   11.27     152   27.27     7.1     8.3     5.0      90      97      76   17.02
 02/01/2021  2021    32    32   0.673    9.44     174   24.59     6.9     8.3     5.0      79     100      49   22.61
 02/02/2021  2021    33    33   2.028    2.76     233   11.62     3.4     6.1     1.1      96     100      77   14.99
 02/03/2021  2021    34    34   2.254    3.39     332   14.75     2.3     4.4     1.1      96     100      84   19.81
 02/04/2021  2021    35    35   3.525    1.62       7    5.81     6.8    12.2     1.7      55      77      33    0.00
 02/05/2021  2021    36    36   3.681    2.14      19    8.49     7.4    10.0     5.0      72     100      53    0.00
 02/06/2021  2021    37    37   3.744    1.92      12    6.26     7.5    12.8     3.3      63      93      20    0.00
 02/07/2021  2021    38    38   3.788    1.97       1    5.36     7.7    11.1     5.0      53      80      18    0.00
 02/08/2021  2021    39    39   2.563    1.34     342    3.58     9.0    14.4     5.0      27      73       5    0.00
 02/09/2021  2021    40    40   2.936    1.17      23    4.47     7.8    11.1     5.0      44     100      20    0.00
 02/10/2021  2021    41    41   3.736    1.38     278    4.47     8.9    13.3     5.6      59      84      37    0.00
 02/11/2021  2021    42    42   0.419    4.66     204   18.33     6.5     8.9     3.3      92     100      73   29.97
 02/12/2021  2021    43    43   1.515    2.81     226   11.62     5.1     6.1     3.3     100     100      97   21.59
 02/13/2021  2021    44    44   2.041    3.93     314   17.88     3.7     5.6     2.2      99     100      94   19.30
 02/14/2021  2021    45    45   0.520    3.95     182   10.73     4.0     7.2     1.7      98     100      93   34.54
 02/15/2021  2021    46    46   1.617    3.89     283    9.84     5.4     7.2     2.8     100     100     100   35.56
 02/16/2021  2021    47    47   3.368    2.16       8    7.60     3.3     6.1     1.1      97     100      86    2.03
 02/17/2021  2021    48    48   3.899    1.56      36    6.71     5.1    11.1     0.6      70     100      10    0.00
 02/18/2021  2021    49    49   0.699    6.20     181   23.69     6.7    10.0     3.9      64     100      13   34.29
 02/19/2021  2021    50    50   1.788    4.08     230   19.22     4.2     6.1     0.6      99     100      89   17.02
 02/20/2021  2021    51    51   3.207    3.54     343   19.22     2.3     5.0     0.6      99     100      92   17.27
 02/21/2021  2021    52    52   3.898    1.70      26    9.84     4.9     9.4     0.6      80     100      54    0.00
 02/22/2021  2021    53    53   4.562    2.20      23    8.49     7.5    12.2     4.4      80     100      57    0.00
 02/23/2021  2021    54    54   4.727    1.64       0    7.60     5.7     9.4     2.8      84     100      57    0.00
 02/24/2021  2021    55    55   4.782    1.84       7    5.81     5.1     8.9     1.1      65      82      27    0.00
 02/25/2021  2021    56    56   4.458    2.68       4    9.39     5.2     9.4     1.1      70     100      25    0.00
 02/26/2021  2021    57    57   2.067    3.17      10   12.52     1.6     3.9     0.0      93     100      79    2.54
 02/27/2021  2021    58    58   4.703    3.43       6   12.07     2.8     5.6     0.0      82      95      65    0.00
 02/28/2021  2021    59    59   4.952    2.16      15    8.94     7.9    12.8     2.2      58      73      28    0.00
 03/01/2021  2021    60    60   4.513    4.54     154   14.75     9.1    14.4     4.4      53     100      28    0.00
 03/02/2021  2021    61    61   4.969    2.50      54   10.73    10.9    15.0     8.3      26      32      21    0.00
 03/03/2021  2021    62    62   5.149    1.96     183   11.18     9.5    13.9     5.6      44      81      21    0.00
 03/04/2021  2021    63    63   4.672    8.53     163   24.59     7.3    13.3     2.8      54      79      31    0.00
 03/05/2021  2021    64    64   1.306    6.97     162   24.59     4.7     8.3     0.0      85     100      52   16.26
 03/06/2021  2021    65    65   4.596    1.79     227    9.39     3.2     8.9     0.0      82     100      50   18.80
 03/07/2021  2021    66    66   4.718    2.09     358   11.18     3.1     6.7     0.0      86     100      68    2.03
 03/08/2021  2021    67    67   1.795    4.92     178   14.75     1.6     3.3     0.6      95     100      79    4.06
 03/09/2021  2021    68    68   2.085    7.00     158   14.75     0.8     2.2     0.0      96     100      90   15.49
 03/10/2021  2021    69    69   3.319    2.89      77   13.86     2.3     8.9     0.6      82      99      47    3.81
 03/11/2021  2021    70    70   5.569    1.45      11    5.81     4.2     8.9     0.6      78      98      59    0.51
 03/12/2021  2021    71    71   5.605    1.70      15    4.92     8.4    12.2     5.0      55      81      29    0.00
 03/13/2021  2021    72    72   5.177    2.01     184    7.60     5.7    11.1     1.7      77     100      40    0.00
 03/14/2021  2021    73    73   1.126    5.96     193   25.48     1.9     6.1    -1.1      94     100      83   11.43
 03/15/2021  2021    74    74   3.548    3.41     346   15.20    -0.2     2.8    -2.8      88     100      71    6.10
 03/16/2021  2021    75    75   5.862    1.77     328    6.71     1.4     6.7    -1.7      68      95      45    0.00
 03/17/2021  2021    76    76   5.290    4.56     164   23.69     6.1    10.6     0.0      68      88      50    0.00
 03/18/2021  2021    77    77   2.267    7.25     178   25.93     5.2     7.8     3.3      94     100      71    8.38
 03/19/2021  2021    78    78   2.749    3.67     210   11.62     3.2     6.7     1.7      94     100      76   12.70
 03/20/2021  2021    79    79   3.867    1.81     321    7.60     2.5     6.1     0.0      94     100      69    3.56
 03/21/2021  2021    80    80   5.001    2.05     356    7.15     2.4     6.1     0.6      93     100      73    0.25
 03/22/2021  2021    81    81   2.501    2.61     356   12.52     3.0     6.1     1.1      99     100      92    3.30
 03/23/2021  2021    82    82   6.338    2.37      14    7.60     5.2     9.4     0.0      72     100      42    0.25
 03/24/2021  2021    83    83   5.282    1.96     354    8.05     6.4    10.0     3.3      68     100      30    1.27
 03/25/2021  2021    84    84   4.617    3.06     354   10.28     2.7     5.0     1.1      95     100      80    2.03
 03/26/2021  2021    85    85   6.503    1.77      29    5.81     8.4    12.8     2.8      60      74      37    0.00
 03/27/2021  2021    86    86   6.633    1.43     227    4.47    15.5    20.6    11.1      37      69      24    0.00
 03/28/2021  2021    87    87   6.554    1.53      22    7.60    10.5    17.2     2.8      62     100      27    0.00
 03/29/2021  2021    88    88   6.527    2.65     354    9.84     4.8     8.9     1.1      74     100      45    0.00
 03/30/2021  2021    89    89   6.809    2.14       4    7.15    11.4    17.2     3.9      35      51      14    0.00
 03/31/2021  2021    90    90   6.947    2.31     142    9.84    17.1    22.2    13.3      17      26      11    0.00
 04/01/2021  2021    91    91   6.845    3.67     170   10.73    15.7    20.0    12.8      29      52      17    0.00
 04/02/2021  2021    92    92   6.396    2.40     164    6.71    13.3    17.8     9.4      36      66      17    0.00
 04/03/2021  2021    93    93   3.898    1.36     359    4.47     5.8    11.1     3.3      88     100      48    0.00
 04/04/2021  2021    94    94   1.676    1.32      33    5.81     4.3     6.1     3.3     100     100      91    0.76
 04/05/2021  2021    95    95   6.850    1.49       2    4.92     7.9    13.9     2.8      71     100      29    0.00
 04/06/2021  2021    96    96   7.087    1.84     192    5.81    10.9    16.1     3.3      54     100      20    0.00
 04/07/2021  2021    97    97   2.796    1.45      30    4.47     3.5     6.1     2.2      99     100      95    0.25
 04/08/2021  2021    98    98   7.100    2.29       4    8.94     4.1     8.9     0.6      87     100      66    0.00
 04/09/2021  2021    99    99   3.950    1.71     347    6.26     2.9     9.4     0.6      98     100      78    0.25
 04/10/2021  2021   100   100   6.695    2.72       4    9.39     3.9     8.3     0.0      84     100      66    0.00
 04/11/2021  2021   101   101   7.409    1.94      10    5.81     9.1    15.0     2.8      62      82      27    0.00
 04/12/2021  2021   102   102   7.518    1.43     322    5.81    14.1    19.4     7.8      37      61      19    0.00
 04/13/2021  2021   103   103   7.538    2.48     358   10.73     9.2    13.3     4.4      49      67      29    0.00
 04/14/2021  2021   104   104   7.524    2.23       8    8.49    11.0    15.0     8.3      30      40      18    0.00
 04/15/2021  2021   105   105   7.567    1.56      63    6.26    12.8    17.2     9.4      32      51      23    0.00
 04/16/2021  2021   106   106   7.540    1.79      18    5.81    14.8    18.3    10.6      35      51      23    0.00
 04/17/2021  2021   107   107   7.705    1.90      31    7.15    17.1    22.2    12.2      29      40      20    0.00
 04/18/2021  2021   108   108   7.671    1.62       2    6.71    17.6    21.7    11.1      31      48      21    0.00
 04/19/2021  2021   109   109   7.657    2.31      17   10.73    10.1    14.4     3.9      64     100      43    0.25
 04/20/2021  2021   110   110   3.969    2.12     348    8.05     7.0    11.1     5.0      96     100      65    0.51
 04/21/2021  2021   111   111   7.849    1.99       5    8.49    11.3    15.0     6.7      59      77      42    0.00
 04/22/2021  2021   112   112   7.839    2.12     360    7.15    10.0    15.0     5.6      66      85      49    0.00
 04/23/2021  2021   113   113   6.542    2.27     351   11.18     9.8    16.7     3.9      59     100      31    0.51
 04/24/2021  2021   114   114   2.990    3.91     192   13.41     5.5     7.8     3.3      89     100      73    5.84
 04/25/2021  2021   115   115   3.309    3.65     200   12.52     3.3     6.7     1.7      96     100      81   17.02
 04/26/2021  2021   116   116   3.883    1.66     324    8.49     4.1     7.2     1.7      90     100      75    2.29
 04/27/2021  2021   117   117   8.257    1.92       5    7.15     9.3    14.4     2.8      65      98      37    0.00
 04/28/2021  2021   118   118   8.173    1.96       0    5.36    15.6    22.2    10.0      46      63      29    0.00
 04/29/2021  2021   119   119   7.865    1.84      14    4.02    14.4    19.4     7.8      49      66      30    0.00
 04/30/2021  2021   120   120   7.484    2.27      14    8.05    11.4    16.1     7.2      69     100      49    0.00
 05/01/2021  2021   121   121   3.580    2.09     356    7.15     7.5    10.0     5.0     100     100      97    1.27
 05/02/2021  2021   122   122   6.648    2.31     351    8.94     8.0    12.2     5.0      90     100      67    0.00
 05/03/2021  2021   123   123   8.123    2.12      10    8.05    10.4    16.1     6.7      74     100      51    0.00
 05/04/2021  2021   124   124   8.377    2.61      20    8.05    12.2    15.6     5.6      67     100      45    0.00
 05/05/2021  2021   125   125   8.226    1.82     207    6.26    17.4    22.8    10.0      53      88      41    0.00
 05/06/2021  2021   126   126   4.532    2.50     279    8.05     8.5    13.9     5.0      82     100      32    0.00
 05/07/2021  2021   127   127   7.809    3.24     356   10.73     5.9     9.4     3.3      84     100      64    0.00
 05/08/2021  2021   128   128   8.255    2.09       3    8.05     9.7    16.1     5.0      62      94      45    0.00
 05/09/2021  2021   129   129   8.279    2.09     359    9.39     9.2    12.8     6.1      77      97      61    0.00
 05/10/2021  2021   130   130   8.593    2.09       7    7.60    13.9    18.9     7.2      55      86      35    0.00
 05/11/2021  2021   131   131   8.550    1.84     359    7.15    18.1    21.7    13.3      40      48      30    0.00
 05/12/2021  2021   132   132   8.603    1.60       0    4.47    18.5    22.2    15.0      43      54      29    0.00
 05/13/2021  2021   133   133   8.616    1.97       6    6.71    16.5    21.1     9.4      51      86      25    0.00
 05/14/2021  2021   134   134   8.376    2.18     313    7.60    10.6    15.6     5.0      80     100      62    0.00
 05/15/2021  2021   135   135   8.367    2.14      17    8.49    14.8    18.3     7.8      61      92      39    0.00
 05/16/2021  2021   136   136   8.811    1.73     350    7.15    17.0    23.9     5.6      52     100      27    0.00
 05/17/2021  2021   137   137   8.185    1.55       3    6.26     9.6    15.0     4.4      83     100      61    0.00
 05/18/2021  2021   138   138   6.547    2.37       1    8.49     7.0    11.7     2.2      87     100      70    0.00
 05/19/2021  2021   139   139   7.527    3.69     349   13.41     4.6     7.8     2.2      83     100      58    0.00
 05/20/2021  2021   140   140   8.059    3.71     341   12.07     4.4     7.2     1.1      81     100      60    0.00
 05/21/2021  2021   141   141   8.466    2.72     355   12.07     6.6    11.1     2.2      80     100      60    0.00
 05/22/2021  2021   142   142   8.298    2.10      20    6.71     9.2    13.9     5.6      62      85      47    0.00
 05/23/2021  2021   143   143   8.710    1.73       7    7.60    10.6    15.6     5.0      56      77      35    0.00
 05/24/2021  2021   144   144   8.582    2.07     312    7.15    11.8    17.2     7.2      72     100      49    1.27
 05/25/2021  2021   145   145   4.352    2.31     341    9.39     7.9    10.6     5.6      98     100      89    1.52
 05/26/2021  2021   146   146   8.842    1.62      30    5.81     9.7    16.1     5.0      87     100      69    0.00
 05/27/2021  2021   147   147   4.073    1.62       9    4.92    11.3    16.7     7.2      80     100      33    0.51
 05/28/2021  2021   148   148   9.079    1.97      18    5.81    13.2    19.4     6.7      70     100      32    0.00
 05/29/2021  2021   149   149   8.904    2.12      18    6.26    15.0    18.9    10.0      54      84      30    0.00
 05/30/2021  2021   150   150   8.864    2.37      13    8.05    17.4    21.7    12.8      53      59      43    0.00
 05/31/2021  2021   151   151   8.632    1.86       5    6.71    23.3    27.8    17.2      38      51      29    0.00
 06/01/2021  2021   152   152   8.811    1.79     358    4.92    24.2    28.9    17.2      40      60      29    0.00
 06/02/2021  2021   153   153   8.861    2.29       6    8.49    19.0    23.3    15.0      55      68      47    0.00
 06/03/2021  2021   154   154   8.947    2.12      22    7.60    17.8    22.8    12.8      57      86      36    0.00
 06/04/2021  2021   155   155   9.006    2.46      18   11.62    15.9    21.1    10.0      57      84      31    0.00
 06/05/2021  2021   156   156   8.677    2.72      11    9.39    11.0    15.0     5.6      71      98      53    0.00
 06/06/2021  2021   157   157   8.885    2.55     353    8.94     9.0    12.2     5.0      78     100      48    0.00
 06/07/2021  2021   158   158   6.750    2.61     356    8.94     7.3    10.6     4.4      82     100      63    0.00
 06/08/2021  2021   159   159   6.396    2.22     341    9.39     7.1    11.7     3.3      81     100      60    0.00
 06/09/2021  2021   160   160   7.042    2.25     334    9.39     7.4    11.1     4.4      79     100      59    0.00
 06/10/2021  2021   161   161   7.801    1.90     336    9.39     9.3    13.9     4.4      73     100      56    0.00
 06/11/2021  2021   162   162   2.544    7.41     156   20.12    10.6    13.9     8.3      72     100      43    7.62
 06/12/2021  2021   163   163   5.511    4.30     172   12.52    15.8    21.1    11.7      80     100      56    0.00
 06/13/2021  2021   164   164   3.529    3.45     183   10.28    14.9    18.3    12.2      88     100      65    9.40
 06/14/2021  2021   165   165   6.998    1.73     282    8.94    11.8    16.1     7.8      88     100      70    7.11
 06/15/2021  2021   166   166   8.672    2.05       1    7.60    11.4    15.6     6.7      79     100      61    0.00
 06/16/2021  2021   167   167   9.314    2.18      19    6.71    16.2    22.2     9.4      62      82      47    0.00
 06/17/2021  2021   168   168   9.291    2.09      18    6.71    18.1    21.7    13.9      60      75      51    0.00
 06/18/2021  2021   169   169   9.247    1.97       4    6.26    18.9    22.8    15.0      57      73      48    0.00
 06/19/2021  2021   170   170   9.024    1.51     307    4.92    25.7    31.7    14.4      38      71      13    0.00
 06/20/2021  2021   171   171   9.020    0.93     251    4.92    26.1    28.9    21.7      35      48      14    0.00
 06/21/2021  2021   172   172   8.860    1.14      20    4.02    20.7    25.6    15.6      50      73      15    0.00
 06/22/2021  2021   173   173   8.886    1.56      67    4.92    15.6    19.4    10.6      74      98      59    0.00
 06/23/2021  2021   174   174   8.572    1.51      21    6.26    16.9    21.7    11.1      73      96      54    0.00
 06/24/2021  2021   175   175   8.975    1.66     352    4.92    20.2    25.6    12.2      58      87      48    0.00
 06/25/2021  2021   176   176   8.845    1.58       4    4.47    22.9    27.2    16.1      46      71      22    0.00
 06/26/2021  2021   177   177   8.932    1.68       1    5.36    26.4    30.6    18.3      31      56      19    0.00
 06/27/2021  2021   178   178   8.711    1.56     174    6.26    27.8    33.9    21.1      40      66      21    0.00
 06/28/2021  2021   179   179   8.978    2.05     203    7.15    19.3    25.0    14.4      69      93      51    0.00
 06/29/2021  2021   180   180   8.818    1.86      28    5.36    19.5    25.6    14.4      66      80      52    0.00
 06/30/2021  2021   181   181   8.809    1.66      26    4.47    17.4    21.7    11.7      75     100      56    0.00
 07/01/2021  2021   182   182   8.474    1.28       1    4.02    15.7    23.3    10.6      86     100      60    0.25
 07/02/2021  2021   183   183   8.786    1.32      19    5.36    22.9    27.8    15.6      58      81      41    0.00
 07/03/2021  2021   184   184   8.873    1.34     258    7.15    24.4    28.9    20.6      47      63      35    0.00
 07/04/2021  2021   185   185   8.937    1.30      17    7.15    22.4    26.7    17.8      57      73      44    0.00
 07/05/2021  2021   186   186   8.942    1.53     344    4.47    22.6    27.2    18.3      46      62      16    0.00
 07/06/2021  2021   187   187   9.076    1.82     189    4.47    18.9    23.9    13.9      58      83      40    0.00
 07/07/2021  2021   188   188   9.154    2.22       7    8.94    16.2    20.6    11.7      67      90      41    0.00
 07/08/2021  2021   189   189   9.050    2.12      17    6.26    19.3    23.3    15.6      52      67      38    0.00
 07/09/2021  2021   190   190   9.002    1.55       0    4.92    22.6    27.8    17.8      39      69      17    0.00
 07/10/2021  2021   191   191   9.060    2.01       6    6.26    22.3    26.7    17.8      44      60      28    0.00
 07/11/2021  2021   192   192   9.011    1.94     343    6.71    22.1    26.1    18.3      48      62      38    0.00
 07/12/2021  2021   193   193   8.933    2.22     356    7.60    20.6    24.4    17.2      50      60      39    0.00
 07/13/2021  2021   194   194   8.758    1.97     347    6.71    20.7    25.6    15.6      52      73      41    0.00
 07/14/2021  2021   195   195   8.669    1.94     346    6.26    17.6    23.3    10.0      64      89      48    0.00
 07/15/2021  2021   196   196   8.739    1.64     337    5.36    14.0    20.0     6.1      77      99      59    0.00
 07/16/2021  2021   197   197   8.614    2.46      16    7.60    15.3    20.6    11.7      69      91      50    0.00
 07/17/2021  2021   198   198   8.538    1.97       6    6.26    16.7    21.1    12.2      63      88      44    0.00
 07/18/2021  2021   199   199   8.595    1.92       2    5.36    19.1    26.1    12.8      56      86      38    0.00
 07/19/2021  2021   200   200   8.630    2.27       0    8.94    17.8    23.3    12.8      62      81      46    0.00
 07/20/2021  2021   201   201   8.661    2.10      15    7.15    16.7    21.7    10.0      65     100      44    0.00
 07/21/2021  2021   202   202   8.719    2.11     355    7.15    14.4    18.9     9.4      75      96      54    0.00
 07/22/2021  2021   203   203   8.336    2.16     355    6.71    17.3    21.7    12.2      58      78      45    0.00
 07/23/2021  2021   204   204   8.453    1.79       1    6.71    21.8    26.1    14.4      41      63      25    0.00
 07/24/2021  2021   205   205   7.871    1.40      13    4.47    25.5    30.6    22.2      34      44      26    0.00
 07/25/2021  2021   206   206   7.818    1.21     350    4.47    25.3    28.9    21.7      42      48      34    0.00
 07/26/2021  2021   207   207   7.621    1.32     211    5.81    23.4    27.2    17.8      49      67      36    0.00
 07/27/2021  2021   208   208   1.914    1.53     111    5.36    20.9    22.8    18.9      57      72      47    1.52
 07/28/2021  2021   209   209   8.221    2.37     146    7.60    25.7    30.6    22.2      33      41      21    0.00
 07/29/2021  2021   210   210   8.009    1.53      24    5.36    27.2    31.7    23.9      30      39      23    0.00
 07/30/2021  2021   211   211   8.032    1.75     270    6.26    28.4    33.3    24.4      24      36      18    0.00
 07/31/2021  2021   212   212   8.065    1.47     286    4.47    26.2    30.6    21.1      34      57      20    0.00
 08/01/2021  2021   213   213   7.509    1.62     310    5.36    24.3    31.7    20.6      38      52      21    0.00
 08/02/2021  2021   214   214   7.627    1.70     171    5.81    20.2    26.7    15.0      48      67      27    0.00
 08/03/2021  2021   215   215   7.701    1.56      20    4.92    24.2    28.3    19.4      29      42       6    0.00
 08/04/2021  2021   216   216   7.547    1.68     235    5.36    24.3    30.0    17.2      27      56       9    0.00
 08/05/2021  2021   217   217   6.653    2.07     235    7.60    15.5    20.0    10.0      71      98      46    0.00
 08/06/2021  2021   218   218   7.888    2.25       5    7.15    18.1    23.9    12.8      69      92      38    0.00
 08/07/2021  2021   219   219   6.464    2.29       5    7.60    19.9    25.0    14.4      70      98      52    0.00
 08/08/2021  2021   220   220   7.941    1.97      12    6.71    18.0    21.7    12.2      70     100      32    0.00
 08/09/2021  2021   221   221   7.103    1.56     357    5.81    25.1    30.0    18.9      35      45      28    0.00
 08/10/2021  2021   222   222   6.481    1.55     216    5.36    27.9    32.8    24.4      28      38      18    0.00
 08/11/2021  2021   223   223   6.001    1.38     303    4.47    27.4    32.8    24.4      29      37      23    0.00
 08/12/2021  2021   224   224   5.282    1.53       1    4.02    26.0    30.0    23.3      28      37      20    0.00
 08/13/2021  2021   225   225   4.135    1.92      22    5.36    21.9    27.2    16.1      43      73      29    0.00
 08/14/2021  2021   226   226   4.683    1.23      84    4.02    21.2    26.1    16.1      54      76      40    0.00
 08/15/2021  2021   227   227   6.679    1.82      29    6.26    22.3    26.1    17.8      58      78      44    0.00
 08/16/2021  2021   228   228   7.659    1.97       7    6.71    17.0    22.2    11.1      73     100      44    0.00
 08/17/2021  2021   229   229   6.453    2.31     356    9.39    13.3    18.3    10.0      83     100      51    0.00
 08/18/2021  2021   230   230   6.843    2.29       2   10.73    16.9    21.7    11.7      50      74      38    0.00
 08/19/2021  2021   231   231   6.681    1.94     356    6.71    20.2    23.9    16.7      46      64      33    0.00
 08/20/2021  2021   232   232   6.855    1.82     343    6.71    17.7    22.2    12.2      60      88      46    0.00
 08/21/2021  2021   233   233   7.331    2.09       1    7.60    15.3    19.4    11.7      68      92      52    0.00
 08/22/2021  2021   234   234   6.442    1.40     328    4.47    16.3    21.7    11.1      62      90      49    0.00
 08/23/2021  2021   235   235   7.367    1.51      62    5.81    16.8    22.8    11.7      51      76      30    0.00
 08/24/2021  2021   236   236   7.262    1.38      12    5.36    17.2    22.8    11.1      49      77      29    0.00
 08/25/2021  2021   237   237   7.023    1.94       1    7.60    15.1    20.6    10.0      56      81      35    0.00
 08/26/2021  2021   238   238   7.116    2.27      10    7.15    16.2    21.1    11.7      60      90      38    0.00
 08/27/2021  2021   239   239   7.009    2.16      16    6.71    19.5    23.3    13.9      55      81      36    0.00
 08/28/2021  2021   240   240   6.120    1.34     343    4.92    26.9    32.2    21.7      27      40      16    0.00
 08/29/2021  2021   241   241   6.410    1.40     315    5.36    23.2    28.9    16.7      41      62      29    0.00
 08/30/2021  2021   242   242   7.141    2.57       6    8.94    18.1    22.8    12.2      50      64      33    0.00
 08/31/2021  2021   243   243   6.936    1.96       8    7.60    16.5    21.1    11.7      51      67      35    0.00
 09/01/2021  2021   244   244   5.468    1.64       1    4.47    17.6    22.8    13.9      47      68      26    0.00
 09/02/2021  2021   245   245   5.659    1.42     347    4.47    18.0    21.7    13.9      45      62      27    0.00
 09/03/2021  2021   246   246   5.752    1.38     287    4.02    22.1    27.2    18.3      32      43      20    0.00
 09/04/2021  2021   247   247   5.636    1.45     353    4.47    20.4    26.1    15.6      39      64      23    0.00
 09/05/2021  2021   248   248   6.439    1.96     354    4.92    20.5    26.7    16.1      48      77      24    0.00
 09/06/2021  2021   249   249   6.239    1.92     191    6.71    24.2    31.1    15.6      36      80      18    0.00
 09/07/2021  2021   250   250   5.693    2.03     212    7.60    24.5    29.4    17.8      25      49      13    0.00
 09/08/2021  2021   251   251   6.421    1.94       5    4.92    20.8    27.2    16.1      46      59      33    0.00
 09/09/2021  2021   252   252   5.078    2.22     357    7.15    17.6    22.8    13.9      63      84      42    0.00
 09/10/2021  2021   253   253   6.347    1.58     357    7.60    14.7    20.0     9.4      80     100      59    0.00
 09/11/2021  2021   254   254   6.288    1.81      10    6.26    16.6    23.3     9.4      63     100      40    0.00
 09/12/2021  2021   255   255   6.262    2.14     355    7.60    17.8    23.3    11.7      55      89      37    0.00
 09/13/2021  2021   256   256   6.001    2.03       0    6.26    17.4    21.7    11.1      57      86      39    0.00
 09/14/2021  2021   257   257   5.703    1.38      26    4.47    24.8    30.0    21.1      28      41      18    0.00
 09/15/2021  2021   258   258   6.139    1.94     360    7.15    19.9    25.0    13.9      44      74      26    0.00
 09/16/2021  2021   259   259   5.305    1.75     348    4.47    16.7    21.7    13.3      51      72      36    0.00
 09/17/2021  2021   260   260   5.632    1.99     176    5.36    16.0    22.2    10.6      47      94      28    0.00
 09/18/2021  2021   261   261   2.207    3.17     214   12.52    12.6    16.1    10.6      94     100      71   22.86
 09/19/2021  2021   262   262   4.568    2.29     324    8.49    11.4    15.0     9.4      89     100      67    8.89
 09/20/2021  2021   263   263   5.927    2.25      15   10.28    18.4    25.0    10.0      44      90      15    0.00
 09/21/2021  2021   264   264   5.840    3.67     157   13.86    25.0    30.6    21.1      20      31      14    0.00
 09/22/2021  2021   265   265   5.609    1.84      32    5.81    19.1    23.9    14.4      41      66      29    0.00
 09/23/2021  2021   266   266   5.729    1.75      33    6.71    24.4    29.4    17.2      28      44      16    0.00
 09/24/2021  2021   267   267   5.499    2.81     132    9.84    26.2    30.6    21.7      20      30      15    0.00
 09/25/2021  2021   268   268   5.736    2.40     162    7.15    18.2    23.3     8.9      52     100      24    0.00
 09/26/2021  2021   269   269   5.617    1.92     196    4.92    13.0    18.9     7.2      85     100      54    0.00
 09/27/2021  2021   270   270   0.975    3.89     230   16.09    10.6    12.8     6.7      98     100      92   14.99
 09/28/2021  2021   271   271   5.377    2.07      17    9.39     8.8    13.3     6.1      83     100      61    0.00
 09/29/2021  2021   272   272   5.355    2.03      14    6.26    11.4    16.1     7.2      75     100      57    0.00
 09/30/2021  2021   273   273   5.258    1.94      12    6.71    16.2    20.6    12.2      63      93      42    0.00
 10/01/2021  2021   274   274   5.364    1.73      10    4.92    17.0    22.2    13.9      66      86      40    0.00
 10/02/2021  2021   275   275   5.130    1.27       7    4.02    21.4    27.2    16.1      43      76      18    0.00
 10/03/2021  2021   276   276   5.086    1.16     164    5.36    21.6    26.1    17.8      32      60      22    0.00
 10/04/2021  2021   277   277   5.063    2.10     200    7.15    19.1    25.0    14.4      34      57      17    0.00
 10/05/2021  2021   278   278   4.094    1.97     288    8.05    11.2    15.6     5.6      77     100      45    0.76
 10/06/2021  2021   279   279   4.502    2.20      10    7.60     6.9    10.6     4.4      82     100      56    0.00
 10/07/2021  2021   280   280   4.912    1.38     274    5.36     8.2    14.4     3.9      82     100      62    0.00
 10/08/2021  2021   281   281   4.217    1.53     286    6.71     7.8    11.7     3.9      76     100      47    0.00
 10/09/2021  2021   282   282   4.776    1.47       3    4.92    11.0    16.1     7.8      60      81      47    0.00
 10/10/2021  2021   283   283   3.354    3.22       5   11.18     8.6    14.4     4.4      78     100      45    0.00
 10/11/2021  2021   284   284   4.736    2.91     358   12.07     5.4     8.9     2.8      79     100      58    0.00
 10/12/2021  2021   285   285   4.624    1.70      10    5.81     7.9    12.8     4.4      38      58      19    0.00
 10/13/2021  2021   286   286   2.689    1.92       9    8.94     6.2     9.4     4.4      92     100      73    2.79
 10/14/2021  2021   287   287   4.464    2.03      15    5.81     9.6    14.4     5.0      69      95      49    0.00
 10/15/2021  2021   288   288   4.417    1.49       3    4.92    15.3    21.1    10.0      52      76      33    0.00
 10/16/2021  2021   289   289   4.423    2.33     162   10.73    18.7    23.9    15.6      30      48      23    0.00
 10/17/2021  2021   290   290   1.121    4.79     214   14.75     8.3    16.1     4.4      72     100      23   30.23
 10/18/2021  2021   291   291   2.565    2.12     307   11.62     6.8    12.2     3.9      93     100      72    1.78
 10/19/2021  2021   292   292   1.970   10.00     152   28.16     8.9    12.2     7.2      68     100      30   10.41
 10/20/2021  2021   293   293   1.656    7.34     169   19.67    10.3    12.8     8.3      87     100      69    4.57
 10/21/2021  2021   294   294   1.447    8.81     177   26.38    12.5    15.0     8.3      92     100      73   34.04
 10/22/2021  2021   295   295   2.113    3.95     187   10.28     8.0    10.0     7.2      96     100      89    3.30
 10/23/2021  2021   296   296   1.581    9.00     160   20.12     8.8    11.1     6.7      93     100      84    9.91
 10/24/2021  2021   297   297   0.545    6.56     188   29.06     8.4    11.1     6.1      97     100      90   31.24
 10/25/2021  2021   298   298   2.160    3.48     198   10.28     6.6     8.3     5.0      98     100      87    6.10
 10/26/2021  2021   299   299   0.632    6.69     172   16.09     8.3    10.0     6.7      98     100      95    9.40
 10/27/2021  2021   300   300   2.250    1.49     202    6.26    12.5    16.7    10.0      95     100      76    3.56
 10/28/2021  2021   301   301   3.710    1.40      10    4.02    16.2    21.7    12.2      76     100      51    0.00
 10/29/2021  2021   302   302   2.059    1.47     106    7.15    13.5    17.8    10.6      94     100      74    1.02
 10/30/2021  2021   303   303   2.099    2.83     189   10.28    11.1    14.4     8.9      96     100      78    0.76
 10/31/2021  2021   304   304   3.382    4.92     168   18.33    10.9    14.4     7.2      76      97      51    0.00
 11/01/2021  2021   305   305   0.812    5.81     166   22.80     9.8    11.7     8.3      94     100      78   19.05
 11/02/2021  2021   306   306   3.322    5.91     158   14.75    12.1    16.1     8.3      58      94      33    0.00
 11/03/2021  2021   307   307   1.942    8.61     161   22.35    13.5    17.2    11.1      76     100      39   11.68
 11/04/2021  2021   308   308   1.365    4.19     212   14.31     8.1    10.6     6.7      99     100      94   21.59
 11/05/2021  2021   309   309   0.578    3.41     172    8.49     7.1     7.8     6.1      93     100      77    9.91
 11/06/2021  2021   310   310   1.865    2.44     249    8.94     5.6     7.8     3.3      92     100      76   12.95
 11/07/2021  2021   311   311   2.778    1.38       2    3.58     5.3     8.9     3.3      78      93      63    0.00
 11/08/2021  2021   312   312   0.968    7.73     154   28.61     7.0    10.6     4.4      57      97      19   13.46
 11/09/2021  2021   313   313   1.008    3.19     146   21.46     7.1     8.3     6.1      97     100      78   16.51
 11/10/2021  2021   314   314   1.094    3.26     176    9.84     9.6    11.7     6.7      88     100      55    3.05
 11/11/2021  2021   315   315   2.693    1.25      19    3.58    12.7    16.1    10.6      96     100      84    1.02
 11/12/2021  2021   316   316   2.623    1.58      16    4.47    11.7    14.4     9.4      99     100      85    0.25
 11/13/2021  2021   317   317   2.924    1.60       5    6.26    15.3    18.9    10.6      64     100      42    0.00
 11/14/2021  2021   318   318   2.603    1.55      10    5.36    16.4    20.0    13.3      51      90      15    0.00
 11/15/2021  2021   319   319   1.378    2.10     227    9.39    12.1    17.8     5.0      65     100      17    6.60
 11/16/2021  2021   320   320   2.726    1.64       7    4.92     6.7    11.1     4.4      88     100      28    0.51
 11/17/2021  2021   321   321   3.017    3.60     170   11.62    12.8    16.1    11.1      34      57      17    0.00
 11/18/2021  2021   322   322   0.773    7.86     164   21.90     9.7    11.7     6.7      63     100      37    4.57
 11/19/2021  2021   323   323   1.179    1.75      40   11.62     7.4     8.9     5.6      98     100      71    3.81
 11/20/2021  2021   324   324   2.962    1.77      16    6.26    12.1    15.6     8.3      36      74      20    0.00
 11/21/2021  2021   325   325   2.939    1.64     160    4.92    15.2    19.4    12.2      18      39      10    0.00
 11/22/2021  2021   326   326   2.911    2.59     187    9.39    13.2    17.2     8.9      28      52      13    0.00
 11/23/2021  2021   327   327   2.797    2.10      22    8.94     5.6     9.4     3.9      86     100      43    0.25
 11/24/2021  2021   328   328   2.532    1.16     109    5.36    11.8    17.8     3.9      28      79       6    0.00
 11/25/2021  2021   329   329   2.459    1.14     128    4.92    14.1    17.2    10.0      20      36       6    0.00
 11/26/2021  2021   330   330   2.337    1.71      11    4.92    12.3    15.0     8.9      35     100       3    0.00
 11/27/2021  2021   331   331   2.392    1.25      35    4.47    13.9    17.2    11.1      86     100      67    0.00
 11/28/2021  2021   332   332   2.660    1.08     291    3.58    15.2    18.9    11.7      70      90      53    0.00
 11/29/2021  2021   333   333   2.712    1.75      23    6.26    12.9    17.2     8.9      61      96       7    0.00
 11/30/2021  2021   334   334   2.516    2.05      13    7.60    15.1    20.0    10.6      35      61      15    0.00
 12/01/2021  2021   335   335   2.587    1.28      38    4.02    20.2    25.0    13.9      27      54      14    0.00
 12/02/2021  2021   336   336   2.602    1.58      16    6.26    15.2    17.2    13.3      50      70      33    0.00
 12/03/2021  2021   337   337   2.587    1.19     359    3.13    15.4    19.4    12.2      49      68      30    0.00
 12/04/2021  2021   338   338   2.615    1.45       3    4.47    12.6    16.1     8.9      50      66      31    0.00
 12/05/2021  2021   339   339   2.524    1.66      14    4.92    10.4    12.8     7.8      54      75      33    0.00
 12/06/2021  2021   340   340   0.404    1.75     104    6.26     9.2    12.8     6.1      60     100      18    9.14
 12/07/2021  2021   341   341   2.154    1.68      49    4.92     9.7    14.4     6.1      90     100      53    0.51
 12/08/2021  2021   342   342   0.734    1.64     341    7.15     5.0     7.2     1.7     100     100     100    1.02
 12/09/2021  2021   343   343   2.558    2.35     351    9.39     1.7     4.4     0.6      91     100      68    0.00
 12/10/2021  2021   344   344   2.397    1.68      32    5.81     2.8     6.7     0.0      81     100      55    0.00
 12/11/2021  2021   345   345   0.305    9.95     160   29.50     3.4     4.4     2.8      87     100      66   33.27
 12/12/2021  2021   346   346   0.814    5.96     190   17.88     4.3     5.0     3.3      97     100      82   20.57
 12/13/2021  2021   347   347   0.226    4.69     216   16.99     2.0     4.4    -1.1     100     100      96   22.35
 12/14/2021  2021   348   348   2.059    1.82     186    6.26     0.1     3.3    -1.7      91     100      73    2.79
 12/15/2021  2021   349   349   0.437    7.60     180   28.61     1.1     2.8    -0.6      98     100      89   32.00
 12/16/2021  2021   350   350   1.188    1.96     204    7.60     3.0     5.0     1.7     100     100      99    8.13
 12/17/2021  2021   351   351   2.537    0.91      82    3.58     4.5     8.9     1.7      79     100      45    0.25
 12/18/2021  2021   352   352   1.715    2.68     186   10.73     7.2    10.6     5.0      46      76      27    0.25
 12/19/2021  2021   353   353   1.001    8.76     157   18.33     7.1     8.9     6.1      62      98      28    0.00
 12/20/2021  2021   354   354   1.272    8.49     155   23.25     6.9     8.3     5.6      73      90      63    0.00
 12/21/2021  2021   355   355   0.485    6.20     139   21.01     6.8     8.3     6.1      81     100      54   10.67
 12/22/2021  2021   356   356   1.105    5.66     185   14.75     7.2     8.9     6.7      97     100      87   22.86
 12/23/2021  2021   357   357   0.692    2.87     239   10.28     4.7     6.7     1.1     100     100     100   17.78
 12/24/2021  2021   358   358   0.332    4.56     233   14.75     1.1     1.7     0.0     100     100     100   16.26
 12/25/2021  2021   359   359   0.962    3.41     248   10.73    -0.2     1.7    -2.2     100     100     100    5.33
 12/26/2021  2021   360   360   0.642    4.73     243   13.41    -1.1     0.0    -2.2     100     100     100    0.00
 12/27/2021  2021   361   361   1.415    2.61     306   11.62    -2.1    -0.6    -3.9     100     100     100    0.00
 12/28/2021  2021   362   362   1.106    3.13     187    7.60     0.0     1.7    -2.8     100     100     100   18.80
 12/29/2021  2021   363   363   2.164    1.56      12    4.47     1.8     5.0     0.0      94     100      74   12.19
 12/30/2021  2021   364   364   1.692    1.77     230    6.26     1.1     5.0    -1.1      90     100      69    2.29
 12/31/2021  2021   365   365   1.559    2.07      11    8.05     0.4     2.8    -1.1      98     100      88    0.25
Copyright: Western Regional Climate Center - Desert Research Institute - Reno, Nevada.
Data are subject to further review and editing.  Please refer any questions to the Western Regional Climate Center.